216
Moleküldynamik_3D
H 0.0000 0.0000 0.0000
H 0.0000 1.5000 0.0000
H 0.0000 3.0000 0.0000
H 0.0000 4.5000 0.0000
H 0.0000 6.0000 0.0000
H 0.0000 7.5000 0.0000
H 1.5000 0.0000 0.0000
H 1.5000 1.5000 0.0000
H 1.5000 3.0000 0.0000
H 1.5000 4.5000 0.0000
H 1.5000 6.0000 0.0000
H 1.5000 7.5000 0.0000
H 3.0000 0.0000 0.0000
H 3.0000 1.5000 0.0000
H 3.0000 3.0000 0.0000
H 3.0000 4.5000 0.0000
H 3.0000 6.0000 0.0000
H 3.0000 7.5000 0.0000
H 4.5000 0.0000 0.0000
H 4.5000 1.5000 0.0000
H 4.5000 3.0000 0.0000
H 4.5000 4.5000 0.0000
H 4.5000 6.0000 0.0000
H 4.5000 7.5000 0.0000
H 6.0000 0.0000 0.0000
H 6.0000 1.5000 0.0000
H 6.0000 3.0000 0.0000
H 6.0000 4.5000 0.0000
H 6.0000 6.0000 0.0000
H 6.0000 7.5000 0.0000
H 7.5000 0.0000 0.0000
H 7.5000 1.5000 0.0000
H 7.5000 3.0000 0.0000
H 7.5000 4.5000 0.0000
H 7.5000 6.0000 0.0000
H 7.5000 7.5000 0.0000
H 0.0000 0.0000 1.5000
H 0.0000 1.5000 1.5000
H 0.0000 3.0000 1.5000
H 0.0000 4.5000 1.5000
H 0.0000 6.0000 1.5000
H 0.0000 7.5000 1.5000
H 1.5000 0.0000 1.5000
H 1.5000 1.5000 1.5000
H 1.5000 3.0000 1.5000
H 1.5000 4.5000 1.5000
H 1.5000 6.0000 1.5000
H 1.5000 7.5000 1.5000
H 3.0000 0.0000 1.5000
H 3.0000 1.5000 1.5000
H 3.0000 3.0000 1.5000
H 3.0000 4.5000 1.5000
H 3.0000 6.0000 1.5000
H 3.0000 7.5000 1.5000
H 4.5000 0.0000 1.5000
H 4.5000 1.5000 1.5000
H 4.5000 3.0000 1.5000
H 4.5000 4.5000 1.5000
H 4.5000 6.0000 1.5000
H 4.5000 7.5000 1.5000
H 6.0000 0.0000 1.5000
H 6.0000 1.5000 1.5000
H 6.0000 3.0000 1.5000
H 6.0000 4.5000 1.5000
H 6.0000 6.0000 1.5000
H 6.0000 7.5000 1.5000
H 7.5000 0.0000 1.5000
H 7.5000 1.5000 1.5000
H 7.5000 3.0000 1.5000
H 7.5000 4.5000 1.5000
H 7.5000 6.0000 1.5000
H 7.5000 7.5000 1.5000
H 0.0000 0.0000 3.0000
H 0.0000 1.5000 3.0000
H 0.0000 3.0000 3.0000
H 0.0000 4.5000 3.0000
H 0.0000 6.0000 3.0000
H 0.0000 7.5000 3.0000
H 1.5000 0.0000 3.0000
H 1.5000 1.5000 3.0000
H 1.5000 3.0000 3.0000
H 1.5000 4.5000 3.0000
H 1.5000 6.0000 3.0000
H 1.5000 7.5000 3.0000
H 3.0000 0.0000 3.0000
H 3.0000 1.5000 3.0000
H 3.0000 3.0000 3.0000
H 3.0000 4.5000 3.0000
H 3.0000 6.0000 3.0000
H 3.0000 7.5000 3.0000
H 4.5000 0.0000 3.0000
H 4.5000 1.5000 3.0000
H 4.5000 3.0000 3.0000
H 4.5000 4.5000 3.0000
H 4.5000 6.0000 3.0000
H 4.5000 7.5000 3.0000
H 6.0000 0.0000 3.0000
H 6.0000 1.5000 3.0000
H 6.0000 3.0000 3.0000
H 6.0000 4.5000 3.0000
H 6.0000 6.0000 3.0000
H 6.0000 7.5000 3.0000
H 7.5000 0.0000 3.0000
H 7.5000 1.5000 3.0000
H 7.5000 3.0000 3.0000
H 7.5000 4.5000 3.0000
H 7.5000 6.0000 3.0000
H 7.5000 7.5000 3.0000
H 0.0000 0.0000 4.5000
H 0.0000 1.5000 4.5000
H 0.0000 3.0000 4.5000
H 0.0000 4.5000 4.5000
H 0.0000 6.0000 4.5000
H 0.0000 7.5000 4.5000
H 1.5000 0.0000 4.5000
H 1.5000 1.5000 4.5000
H 1.5000 3.0000 4.5000
H 1.5000 4.5000 4.5000
H 1.5000 6.0000 4.5000
H 1.5000 7.5000 4.5000
H 3.0000 0.0000 4.5000
H 3.0000 1.5000 4.5000
H 3.0000 3.0000 4.5000
H 3.0000 4.5000 4.5000
H 3.0000 6.0000 4.5000
H 3.0000 7.5000 4.5000
H 4.5000 0.0000 4.5000
H 4.5000 1.5000 4.5000
H 4.5000 3.0000 4.5000
H 4.5000 4.5000 4.5000
H 4.5000 6.0000 4.5000
H 4.5000 7.5000 4.5000
H 6.0000 0.0000 4.5000
H 6.0000 1.5000 4.5000
H 6.0000 3.0000 4.5000
H 6.0000 4.5000 4.5000
H 6.0000 6.0000 4.5000
H 6.0000 7.5000 4.5000
H 7.5000 0.0000 4.5000
H 7.5000 1.5000 4.5000
H 7.5000 3.0000 4.5000
H 7.5000 4.5000 4.5000
H 7.5000 6.0000 4.5000
H 7.5000 7.5000 4.5000
H 0.0000 0.0000 6.0000
H 0.0000 1.5000 6.0000
H 0.0000 3.0000 6.0000
H 0.0000 4.5000 6.0000
H 0.0000 6.0000 6.0000
H 0.0000 7.5000 6.0000
H 1.5000 0.0000 6.0000
H 1.5000 1.5000 6.0000
H 1.5000 3.0000 6.0000
H 1.5000 4.5000 6.0000
H 1.5000 6.0000 6.0000
H 1.5000 7.5000 6.0000
H 3.0000 0.0000 6.0000
H 3.0000 1.5000 6.0000
H 3.0000 3.0000 6.0000
H 3.0000 4.5000 6.0000
H 3.0000 6.0000 6.0000
H 3.0000 7.5000 6.0000
H 4.5000 0.0000 6.0000
H 4.5000 1.5000 6.0000
H 4.5000 3.0000 6.0000
H 4.5000 4.5000 6.0000
H 4.5000 6.0000 6.0000
H 4.5000 7.5000 6.0000
H 6.0000 0.0000 6.0000
H 6.0000 1.5000 6.0000
H 6.0000 3.0000 6.0000
H 6.0000 4.5000 6.0000
H 6.0000 6.0000 6.0000
H 6.0000 7.5000 6.0000
H 7.5000 0.0000 6.0000
H 7.5000 1.5000 6.0000
H 7.5000 3.0000 6.0000
H 7.5000 4.5000 6.0000
H 7.5000 6.0000 6.0000
H 7.5000 7.5000 6.0000
H 0.0000 0.0000 7.5000
H 0.0000 1.5000 7.5000
H 0.0000 3.0000 7.5000
H 0.0000 4.5000 7.5000
H 0.0000 6.0000 7.5000
H 0.0000 7.5000 7.5000
H 1.5000 0.0000 7.5000
H 1.5000 1.5000 7.5000
H 1.5000 3.0000 7.5000
H 1.5000 4.5000 7.5000
H 1.5000 6.0000 7.5000
H 1.5000 7.5000 7.5000
H 3.0000 0.0000 7.5000
H 3.0000 1.5000 7.5000
H 3.0000 3.0000 7.5000
H 3.0000 4.5000 7.5000
H 3.0000 6.0000 7.5000
H 3.0000 7.5000 7.5000
H 4.5000 0.0000 7.5000
H 4.5000 1.5000 7.5000
H 4.5000 3.0000 7.5000
H 4.5000 4.5000 7.5000
H 4.5000 6.0000 7.5000
H 4.5000 7.5000 7.5000
H 6.0000 0.0000 7.5000
H 6.0000 1.5000 7.5000
H 6.0000 3.0000 7.5000
H 6.0000 4.5000 7.5000
H 6.0000 6.0000 7.5000
H 6.0000 7.5000 7.5000
H 7.5000 0.0000 7.5000
H 7.5000 1.5000 7.5000
H 7.5000 3.0000 7.5000
H 7.5000 4.5000 7.5000
H 7.5000 6.0000 7.5000
H 7.5000 7.5000 7.5000
